[[0.48767498 0.48377358 0.48764312 0.48528151]
 [0.51334208 0.51334077 0.51252074 0.51334077]
 [0.54036009 0.54036008 0.5403587  0.5403587 ]
 [0.56880009 0.56879864 0.56880009 0.56880009]
 [0.59873694 0.59873694 0.59873694 0.59873694]
 [0.63024941 0.63024941 0.63024941 0.63024941]
 [0.66342043 0.66342043 0.66342043 0.66342043]
 [0.6983373  0.6983373  0.6983373  0.6983373 ]
 [0.73509189 0.73509189 0.73509189 0.73509189]
 [0.77378094 0.77378094 0.77378094 0.77378094]
 [0.81450625 0.81450625 0.81450625 0.81450625]
 [0.857375   0.857375   0.857375   0.857375  ]
 [0.9025     0.9025     0.9025     0.9025    ]
 [0.95       0.95       0.95       0.95      ]
 [1.         1.         1.         1.        ]
 [0.         0.         0.         0.        ]]